

FDAS-FILTERS-MID_dd7e841_500.0_0.05_1.0_20.0_Gaussian_10.0_0000_123123123

Harmonic    Frequency (Hz)    acceleration (m/ss)    Power
============================================================


FDAS-FILTERS-MID_dd7e841_500.0_0.05_1.0_20.0_Gaussian_15.0_0000_123123123

Harmonic    Frequency (Hz)    acceleration (m/ss)    Power
============================================================
7   3999.936669957345   19.503003719845967   90.0


FDAS-FILTERS-MID_dd7e841_500.0_0.05_1.0_20.0_Gaussian_20.0_0000_123123123

Harmonic    Frequency (Hz)    acceleration (m/ss)    Power
============================================================
7   1999.9683349786726   20.8032039678357   99.3
7   3999.9329446607185   19.50302188376896   107.1
7   3999.936669957345   19.503003719845967   141.3


FDAS-FILTERS-MID_dd7e841_500.0_0.05_1.0_20.0_Gaussian_25.0_0000_123123123

Harmonic    Frequency (Hz)    acceleration (m/ss)    Power
============================================================
6   3499.9441205505987   19.317263397407277   196.7
7   1999.9683349786726   20.8032039678357   149.3
7   1999.9720602752993   15.602373913681193   82.8
7   2999.951571143852   19.069609557272468   77.1
7   3999.9329446607185   18.202820424851026   100.6


FDAS-FILTERS-MID_dd7e841_500.0_0.05_1.0_20.0_Gaussian_30.0_0000_123123123

Harmonic    Frequency (Hz)    acceleration (m/ss)    Power
============================================================
5   2999.951571143852   19.069609557272468   263.1
6   1749.972991599456   20.803195664339096   161.6
6   3499.9441205505987   19.317263397407277   277.4
7   999.9832361651796   20.803223342686888   100.1
7   1333.311602436344   19.503012801803237   99.2
7   1499.975785571926   20.80321042611542   84.3
7   1714.2585728388624   18.202803471856235   91.2
7   1999.9664723303592   20.803223342686888   173.7


FDAS-FILTERS-MID_dd7e841_500.0_0.05_1.0_20.0_Gaussian_35.0_0000_123123123

Harmonic    Frequency (Hz)    acceleration (m/ss)    Power
============================================================
5   2999.9497084955387   19.06962139746298   284.4
5   2999.951571143852   19.069609557272468   351.3
6   1749.972991599456   20.803195664339096   218.7
6   3499.9422579022853   19.317273677939195   279.0
6   3499.9441205505987   19.317263397407277   275.0
7   499.9925494067465   20.8031845930206   79.3
7   666.6548698940153   23.403648057270935   77.5
7   666.658595190642   15.602344851593879   77.8
7   799.9869614618063   19.503012801803237   77.9
7   999.9813735168663   26.004077615621917   89.4
7   999.9832361651796   20.803223342686888   134.4
7   999.985098813493   15.60238844476545   101.4
7   1333.3134650846573   15.602388444765452   84.4


FDAS-FILTERS-MID_dd7e841_500.0_0.05_1.0_20.0_Gaussian_40.0_0000_123123123

Harmonic    Frequency (Hz)    acceleration (m/ss)    Power
============================================================
0   499.9925494067465   20.8031845930206   84.1
1   999.9832361651796   20.803223342686888   163.0
2   1499.975785571926   20.80321042611542   280.1
3   1999.9683349786726   20.8032039678357   357.9
4   2499.959021737106   20.80321559274208   411.4
5   1499.975785571926   20.80321042611542   285.4
5   2999.9497084955387   19.06962139746298   373.1
5   2999.951571143852   19.069609557272468   456.7
6   1166.6474193007618   17.831329548866947   173.7
6   1749.972991599456   20.803195664339096   287.9
6   1749.9748542477694   17.83129159004048   175.6
6   2333.296701249837   20.060229728574093   163.7
6   3499.940395253972   19.31728395848205   228.5
7   499.9925494067465   20.8031845930206   100.6
7   571.4195242796208   18.20280347185624   95.4
7   666.6548698940153   23.403648057270935   98.9
7   666.658595190642   15.602344851593879   99.0
7   799.9869614618063   19.503012801803237   99.1
7   999.9813735168663   26.004077615621917   106.9
7   999.9813735168663   15.60244656937315   75.3
7   999.985098813493   15.60238844476545   130.5


FDAS-FILTERS-MID_dd7e841_500.0_0.05_1.0_20.0_Gaussian_45.0_0000_123123123

Harmonic    Frequency (Hz)    acceleration (m/ss)    Power
============================================================
0   499.9925494067465   20.8031845930206   108.3
1   999.9832361651796   20.803223342686888   210.7
1   999.985098813493   15.60238844476545   150.4
2   1499.975785571926   20.80321042611542   358.1
3   1999.9664723303592   20.803223342686888   389.3
3   1999.9683349786726   20.8032039678357   452.8
4   2499.959021737106   20.80321559274208   520.4
5   1499.975785571926   20.80321042611542   363.3
5   2999.9497084955387   22.536825287910798   474.2
5   2999.951571143852   19.069609557272468   574.8
6   1166.6474193007618   17.831329548866947   221.3
6   1499.975785571926   20.80321042611542   167.2
6   1749.972991599456   20.803195664339096   365.8
6   1749.9748542477694   17.83129159004048   219.7
7   499.9925494067465   20.8031845930206   124.9
7   571.4195242796208   18.20280347185624   120.0
7   666.6567325423287   15.602388444765452   123.0
7   666.658595190642   15.602344851593879   123.3
7   799.9869614618063   19.503012801803237   123.4
7   999.9795108685529   26.004126053065672   107.3
7   999.9813735168663   15.60244656937315   89.4


FDAS-FILTERS-MID_dd7e841_500.0_0.05_1.0_20.0_Gaussian_50.0_0000_123123123

Harmonic    Frequency (Hz)    acceleration (m/ss)    Power
============================================================
0   499.9925494067465   20.8031845930206   134.3
1   999.9832361651796   20.803223342686888   262.1
1   999.985098813493   15.60238844476545   185.5
2   1499.975785571926   20.80321042611542   442.2
3   1999.9664723303592   20.803223342686888   480.4
3   1999.9683349786726   20.8032039678357   554.8
4   2499.959021737106   20.80321559274208   637.9
5   999.9832361651796   20.803223342686888   272.1
5   1499.975785571926   20.80321042611542   447.4
5   2999.9497084955387   19.06962139746298   335.1
5   2999.9534337921655   17.335997924633325   339.8
6   1166.6474193007618   17.831329548866947   272.8
6   1499.975785571926   20.80321042611542   200.0
6   1749.972991599456   20.803195664339096   450.0
7   499.9925494067465   20.8031845930206   150.9
7   571.4195242796208   18.20280347185624   146.0
7   666.6548698940153   23.403648057270935   148.9
7   666.658595190642   7.801172425796939   78.0
